1.805653612376219908e+00 -2.221627259482532035e-01 1.141631596012777861e+00 -2.210464796995398329e-01 9.993075717894954746e-01 -3.158356384741524848e-03
-2.221627259482532035e-01 1.930753845266904190e+00 3.895529732974027937e-01 1.022070745334082931e+00 -4.023039333883847157e-01 -2.647013509921906649e-01
1.141631596012777861e+00 3.895529732974027937e-01 1.722192445064308908e+00 -1.682889569118866668e-01 -1.550940234945742846e+00 1.746292779000892526e-01
-2.210464796995398329e-01 1.022070745334082931e+00 -1.682889569118866668e-01 1.725047233192146701e+00 2.097311523385304355e+00 2.179916739679625681e-01
9.993075717894954746e-01 -4.023039333883847157e-01 -1.550940234945742846e+00 2.097311523385304355e+00 1.352261919022498304e+01 -1.216578411550991445e-01
-3.158356384741524848e-03 -2.647013509921906649e-01 1.746292779000892526e-01 2.179916739679625681e-01 -1.216578411550991445e-01 1.013720992511719210e+00
